10000 476900 97500
20000 1089900 279200
30000 364600 366300
40000 1414400 782300
50000 728300 673900
60000 741400 748400
70000 2062900 677300
80000 4593600 793300
90000 866000 1063800
100000 1148700 1583100
110000 1203600 1070400
120000 1147200 1161700
130000 1501300 3471500
140000 3296200 1354200
150000 2168400 1449700
160000 1860900 1548000
170000 3935200 1691600
180000 1738200 1783900
190000 2451000 1879800
200000 2186600 1942300
210000 4020400 2639200
220000 2206000 2132000
230000 2678000 2599200
240000 4411700 5390400
250000 4912900 3320400
260000 4304700 2563600
270000 8547900 3746300
280000 5718500 3683100
290000 4526800 7163400
300000 8081800 9359900
310000 3433600 3091600
320000 6641300 3240000
330000 3701700 3664000
340000 7367400 3804200
350000 4140700 3429200
360000 9442000 4420000
370000 9467200 4332500
380000 4410500 8195900
390000 5225600 9581200
400000 5878400 4792200
410000 8513600 4389300
420000 9541000 4547100
430000 5077700 9265800
440000 5112200 8893200
450000 6264400 11491600
460000 7704500 18207800
470000 14288400 10373000
480000 6038600 9306900
490000 5679000 4968500
500000 9414100 4877000
510000 9286200 5450200
520000 10803900 6756900
530000 18838800 10652700
540000 16341200 7115500
550000 10245300 6073200
560000 9544900 5537500
570000 12317900 6165600
580000 13364900 8184300
590000 7428300 17556400
600000 12839900 18311400
610000 13478100 9406900
620000 15390300 10521000
630000 31817400 20674000
640000 10804300 11506500
650000 14103900 13346500
660000 19838200 15655200
670000 14090000 13271700
680000 16865900 23252400
690000 13796500 12151000
700000 9464600 13237000
710000 14615600 14507400
720000 13760100 16284300
730000 10356600 12673300
740000 13268500 14812000
750000 9903100 12825500
760000 14918200 13378500
770000 14368200 9054600
780000 18134200 13780700
790000 15132100 16238400
800000 17302100 21536000
810000 23775600 15307200
820000 16982900 10848900
830000 26026000 15568300
840000 33829400 15613500
850000 16570300 25553500
860000 41748800 14883900
870000 18505800 16717300
880000 30340200 15275400
890000 17439600 11750800
900000 23959800 18899600
910000 30615400 17357100
920000 19299300 34868100
930000 19214700 15243200
940000 24963000 12004900
950000 25171100 17638100
960000 16431400 17281700
970000 17985600 15247600
980000 21676600 15690200
990000 16519500 42563700
1000000 16306800 13607300
