100 0
10099 0.117667
20098 0.247333
30097 0.499667
40096 0.67
50095 0.644667
60094 0.857
70093 1.39067
80092 1.62
90091 1.15267
100090 1.26733
110089 1.54333
120088 4.883
130087 2.009
140086 2.41933
150085 1.946
160084 2.77633
170083 2.84533
180082 2.27333
190081 5.102
200080 3.767
210079 3.87367
220078 2.827
230077 3.49467
240076 3.967
250075 2.886
260074 3.72067
270073 3.60933
280072 3.698
290071 5.597
300070 12.6897
310069 3.626
320068 4.75867
330067 4.303
340066 5.27633
350065 5.09
360064 4.42567
370063 5.24067
380062 4.683
390061 5.21133
400060 6.45233
410059 5.63267
420058 5.57867
430057 4.89033
440056 5.44033
450055 5.73767
460054 7.875
470053 6.87267
480052 7.50967
490051 6.50933
500050 6.427
510049 7.19133
520048 7.02433
530047 7.003
540046 6.46633
550045 7.032
560044 8.57833
570043 10.461
580042 7.269
590041 8.051
600040 7.545
610039 8.24033
620038 7.62567
630037 8.14867
640036 7.532
650035 7.86967
660034 8.80367
670033 8.855
680032 10.6967
690031 8.363
700030 8.78933
710029 11.1213
720028 9.79233
730027 9.65167
740026 9.67367
750025 11
760024 10.478
770023 10.3627
780022 9.68067
790021 11.657
800020 13.5283
810019 13.3313