100 0
10100 0.05
20100 0.18
30100 0.21
40100 0.32
50100 0.44
60100 0.44
70100 0.43
80100 0.47
90100 0.53
100100 0.58
110100 1.15
120100 0.81
130100 0.75
140100 0.76
150100 0.98
160100 0.91
170100 1.02
180100 0.97
190100 1.18
200100 1.64
210100 1.16
220100 1.29
230100 1.63
240100 1.5
250100 1.47
260100 1.58
270100 1.39
280100 1.66
290100 1.73
300100 1.57
310100 1.69
320100 1.7
330100 1.8
340100 3.21
350100 3.18
360100 1.69
370100 1.99
380100 2.5
390100 2.63
400100 2.34
410100 2.09
420100 2.58
430100 2.55
440100 2.5
450100 2.55
460100 2.67
470100 2.54
480100 2.61
490100 2.61
500100 3.18
510100 2.91
520100 2.62
530100 3.11
540100 3.19
550100 2.8
560100 3.23
570100 3.09
580100 3.18
590100 3.29
600100 2.93
610100 3.13
620100 3.7
630100 3.56
640100 3.18
650100 3.96
660100 3.09
670100 3.15
680100 3.58
690100 3.48
700100 3.61
710100 3.99
720100 4.34
730100 4.66
740100 4.55
750100 4.06
760100 3.57
770100 3.85
780100 4.16
790100 4.28
800100 4.5
810100 3.97
820100 4.2
830100 4.82
840100 4.45
850100 4.74
860100 4.43
870100 4.95
880100 4.99
890100 4.63
900100 4.29
910100 5.29
920100 5.06
930100 4.96
940100 5.37
950100 4.66
960100 5.52
970100 5.21
980100 5.45
990100 7.62