100 0
10099 0.091
20098 0.186
30097 0.281667
40096 0.372667
50095 0.478667
60094 0.579667
70093 0.678333
80092 0.775333
90091 0.882667
100090 1.00833
110089 1.10533
120088 1.178
130087 1.25333
140086 1.367
150085 1.42833
160084 1.54533
170083 1.67433
180082 1.794
190081 1.84567
200080 1.92167
210079 2.01533
220078 2.13033
230077 2.28733
240076 2.39333
250075 2.428
260074 2.51667
270073 2.701
280072 2.789
290071 2.82733
300070 2.95767
310069 3.11333
320068 3.10333
330067 3.21533
340066 3.31467
350065 3.444
360064 3.517
370063 3.71067
380062 3.75167
390061 3.87467
400060 3.94333
410059 3.99467
420058 4.13133
430057 4.202
440056 4.301
450055 4.386
460054 4.49567
470053 4.62067
480052 4.70133
490051 4.77867
500050 4.85867
510049 4.955
520048 5.04367
530047 5.13
540046 5.17567
550045 5.345
560044 5.38667
570043 5.59933
580042 5.67667
590041 5.86833
600040 5.94333
610039 6.112
620038 6.26333
630037 6.22733
640036 6.34667
650035 6.364
660034 6.52067
670033 6.58833
680032 6.69433
690031 6.79167
700030 6.85767
710029 6.87667
720028 7.137
730027 7.27767
740026 7.31033
750025 7.38667
760024 7.496
770023 7.53633
780022 7.598
790021 7.70567
800020 7.81467
810019 7.95633
820018 8.13867
830017 8.16533
840016 8.28333
850015 8.383
860014 8.457
870013 8.58033
880012 8.61867
890011 8.85233
900010 8.81433
910009 8.95733
920008 9.174
930007 9.03233
940006 9.21733
950005 9.183
960004 9.47067
970003 9.685
980002 9.858
990001 9.97267
1000000 9.99334