100 79
10100 131
20100 137
30100 163
40100 170
50100 183
60100 193
70100 202
80100 206
90100 195
100100 202
110100 195
120100 136
130100 180
140100 217
150100 199
160100 222
170100 187
180100 209
190100 142
200100 215
210100 238
220100 224
230100 273
240100 233
250100 243
260100 229
270100 210
280100 217
290100 221
300100 257
310100 233
320100 218
330100 225
340100 224
350100 247
360100 279
370100 244
380100 217
390100 239
400100 221
410100 242
420100 239
430100 236
440100 232
450100 238
460100 216
470100 222
480100 237
490100 236
500100 249
510100 278
520100 245
530100 220
540100 233
550100 226
560100 234
570100 238
580100 251
590100 243
600100 252
610100 264
620100 278
630100 247
640100 259
650100 249
660100 213
670100 254
680100 250
690100 247
700100 258
710100 249
720100 233
730100 260
740100 350
750100 257
760100 259
770100 154
780100 259
790100 252
800100 246
810100 225
820100 253
830100 245
840100 250
850100 264
860100 265
870100 235
880100 254
890100 245
900100 244
910100 252
920100 250
930100 384
940100 238
950100 246
960100 226
970100 214
980100 247
990100 252