100 323
10100 30159
20100 80275
30100 146156
40100 163515
50100 272357
60100 317297
70100 313340
80100 368831
90100 565717
100100 429502
110100 450663
120100 490205
130100 549823
140100 556238
150100 623325
160100 664084
170100 668861
180100 742047
190100 775487
200100 814434
210100 880505
220100 837711
230100 894422
240100 859913
250100 1.10045e+06
260100 1.02986e+06
270100 1.11352e+06
280100 1.40925e+06
290100 1.24197e+06
300100 1.23348e+06
310100 1.28354e+06
320100 1.49699e+06
330100 1.43811e+06
340100 1.38659e+06
350100 1.5187e+06
360100 1.3882e+06
370100 1.47499e+06
380100 6.29174e+06
390100 1.34868e+06
400100 1.42544e+06
410100 1.657e+06
420100 1.73268e+06
430100 2.50314e+06
440100 1.63934e+06
450100 1.59152e+06
460100 1.5633e+06
470100 1.62571e+06
480100 1.87998e+06
490100 1.80368e+06
500100 1.72344e+06
510100 1.84515e+06
520100 1.84301e+06
530100 1.79254e+06
540100 1.99437e+06
550100 1.98251e+06
560100 2.00589e+06
570100 1.9803e+06
580100 2.00122e+06
590100 2.04282e+06
600100 2.01673e+06
610100 2.31557e+06
620100 2.36409e+06
630100 2.118e+06
640100 2.27306e+06
650100 2.34194e+06
660100 2.28828e+06
670100 2.59882e+06
680100 2.39179e+06
690100 2.51428e+06
700100 3.02823e+06
710100 3.17834e+06
720100 3.0814e+06
730100 2.81637e+06
740100 2.72699e+06
750100 2.76898e+06
760100 2.71015e+06
770100 3.06996e+06
780100 2.80534e+06
790100 2.76905e+06
800100 2.87481e+06
810100 2.86132e+06
820100 2.89191e+06
830100 2.89924e+06
840100 2.99871e+06
850100 3.01278e+06
860100 3.06321e+06
870100 3.06612e+06
880100 3.14069e+06
890100 3.16565e+06
900100 3.2654e+06
910100 3.15904e+06
920100 3.23493e+06
930100 3.38575e+06
940100 3.27043e+06
950100 3.2648e+06
960100 3.38489e+06
970100 3.56853e+06
980100 3.45488e+06
990100 3.38068e+06