100 0
10099 0.15
20098 0.23
30097 0.34
40096 0.42
50095 0.52
60094 0.62
70093 0.73
80092 0.84
90091 0.94
100090 1.03
110089 1.15
120088 1.25
130087 1.36
140086 1.5
150085 1.57
160084 1.68
170083 1.78
180082 1.87
190081 2.01
200080 2.06
210079 2.17
220078 2.29
230077 2.52
240076 2.91
250075 2.75
260074 2.81
270073 2.84
280072 2.96
290071 3.05
300070 3.17
310069 3.29
320068 3.35
330067 3.43
340066 3.53
350065 3.66
360064 3.88
370063 3.94
380062 4.03
390061 4.11
400060 4.14
410059 4.23
420058 4.35
430057 4.46
440056 4.64
450055 4.69
460054 4.76
470053 4.92
480052 4.99
490051 5.09
500050 5.23
510049 5.37
520048 5.51
530047 5.69
540046 5.87
550045 5.92
560044 5.9
570043 6.03
580042 6.19
590041 6.24
600040 6.46
610039 6.73
620038 6.57
630037 6.58
640036 6.7
650035 6.99
660034 6.98
670033 7.19
680032 7.16
690031 7.27
700030 7.34
710029 7.6
720028 7.72
730027 7.83
740026 7.89
750025 7.93
760024 8.02
770023 8.1
780022 8.27
790021 8.53
800020 8.45
810019 8.63
820018 8.69
830017 8.93
840016 9.05
850015 9.2
860014 9.12
870013 9.46
880012 9.55
890011 9.4
900010 9.75
910009 9.84
920008 10.07
930007 10.19
940006 10.42
950005 10.34
960004 10.72
970003 10.59
980002 10.62
990001 10.68
1000000 10.78