100 0
10099 0.15
20098 0.21
30097 0.3
40096 0.38
50095 0.48
60094 0.57
70093 0.66
80092 0.76
90091 0.86
100090 0.99
110089 1.04
120088 1.14
130087 1.24
140086 1.36
150085 1.46
160084 1.55
170083 1.72
180082 1.71
190081 1.83
200080 1.94
210079 2.02
220078 2.1
230077 2.24
240076 2.3
250075 2.4
260074 2.5
270073 2.57
280072 3.13
290071 3.05
300070 2.91
310069 2.98
320068 3.06
330067 3.14
340066 3.21
350065 3.34
360064 3.44
370063 3.5
380062 3.59
390061 3.69
400060 3.77
410059 3.88
420058 4.07
430057 4.06
440056 4.14
450055 4.27
460054 4.39
470053 4.47
480052 4.54
490051 4.66
500050 4.72
510049 4.84
520048 4.97
530047 5.06
540046 5.18
550045 5.27
560044 5.33
570043 5.38
580042 5.56
590041 5.74
600040 5.72
610039 6.02
620038 6.1
630037 6.14
640036 6.38
650035 6.38
660034 6.29
670033 6.61
680032 6.55
690031 6.62
700030 6.67
710029 6.8
720028 7.03
730027 7.12
740026 7.06
750025 7.24
760024 7.54
770023 7.51
780022 7.78
790021 7.63
800020 7.73
810019 7.75
820018 7.98
830017 7.97
840016 8.12
850015 8.2
860014 8.19
870013 8.36
880012 8.41
890011 8.52
900010 8.59
910009 8.67
920008 8.74
930007 8.8
940006 8.99
950005 9.04
960004 9.13
970003 9.25
980002 9.31
990001 9.4
1000000 9.5